10                      00000 00000.00 A
08 Account 1            00001 00000.00 
09 Account 2            00002 00000.00 
04 Account 3            00003 00010.00 
01 Account 3            00003 00020.01 
05 New Account          00000 00000.00 
06 New Account          00004 00000.00 
05 New Account          00000 00100.00 
07 New Account          00004 00000.00 
05 Silent Coder         00000 00000.00 
05 Silent Coder         00000 00000.00
05 Silent Coder         00000 00000.00
05 Silent Coder         00000 00000.00
01 Account 1            00001 00020.01 
00                      00000 00000.00 
10                      00000 00000.00 A
08 Account 1            00001 00000.00 
09 Account 2            00002 00000.00 
00                      00000 00000.00 
10                      00000 00000.00 A
05 Silent Coder         00000 00000.00 
05 Silent Coder         00000 00000.00 
01 Account 1            00001 00020.01 
00                      00000 00000.00 
10                      00000 00000.00 A
05 New Account          00000 00100.00 
07 New Account          00004 00000.00 
05 Silent Coder         00000 00000.00 
05 Silent Coder         00000 00000.00 
00                      00000 00000.00 
10                      00000 00000.00 A
04 Account 3            00003 00010.00 
01 Account 3            00003 00020.01 
05 New Account          00000 00000.00 
06 New Account          00004 00000.00 
00                      00000 00000.00 
10                      00000 00000.00 A
08 Account 1            00001 00000.00 
09 Account 2            00002 00000.00 
00                      00000 00000.00 
10                      00000 00000.00 A
05 Silent Coder         00000 00000.00 
05 Silent Coder         00000 00000.00 
01 Account 1            00001 00020.01 
00                      00000 00000.00 
10                      00000 00000.00 A
05 New Account          00000 00100.00 
07 New Account          00004 00000.00 
05 Silent Coder         00000 00000.00 
05 Silent Coder         00000 00000.00 
00                      00000 00000.00 
10                      00000 00000.00 A
04 Account 3            00003 00010.00 
01 Account 3            00003 00020.01 
05 New Account          00000 00000.00 
06 New Account          00004 00000.00 
00                      00000 00000.00 
10                      00000 00000.00 A
08 Account 1            00001 00000.00 
09 Account 2            00002 00000.00 
00                      00000 00000.00 
10                      00000 00000.00 A
05 Silent Coder         00000 00000.00 
05 Silent Coder         00000 00000.00 
01 Account 1            00001 00020.01 
00                      00000 00000.00 
10                      00000 00000.00 A
05 New Account          00000 00100.00 
07 New Account          00004 00000.00 
05 Silent Coder         00000 00000.00 
05 Silent Coder         00000 00000.00 
00                      00000 00000.00 
10                      00000 00000.00 A
04 Account 3            00003 00010.00 
01 Account 3            00003 00020.01 
05 New Account          00000 00000.00 
06 New Account          00004 00000.00 
00                      00000 00000.00 
10                      00000 00000.00 A
08 Account 1            00001 00000.00 
09 Account 2            00002 00000.00 
00                      00000 00000.00 
10                      00000 00000.00 A
05 Silent Coder         00000 00000.00 
05 Silent Coder         00000 00000.00 
01 Account 1            00001 00020.01 
00                      00000 00000.00 
10                      00000 00000.00 A
05 New Account          00000 00100.00 
07 New Account          00004 00000.00 
05 Silent Coder         00000 00000.00 
05 Silent Coder         00000 00000.00 
00                      00000 00000.00 
10                      00000 00000.00 A
04 Account 3            00003 00010.00 
01 Account 3            00003 00020.01 
05 New Account          00000 00000.00 
06 New Account          00004 00000.00 
00                      00000 00000.00 
10                      00000 00000.00 A
08 Account 1            00001 00000.00 
09 Account 2            00002 00000.00 
00                      00000 00000.00 
10                      00000 00000.00 A
05 Silent Coder         00000 00000.00 
05 Silent Coder         00000 00000.00 
01 Account 1            00001 00020.01 
00                      00000 00000.00 
10                      00000 00000.00 A
05 New Account          00000 00100.00 
07 New Account          00004 00000.00 
05 Silent Coder         00000 00000.00 
05 Silent Coder         00000 00000.00 
00                      00000 00000.00 
10                      00000 00000.00 A
04 Account 3            00003 00010.00 
01 Account 3            00003 00020.01 
05 New Account          00000 00000.00 
06 New Account          00004 00000.00 
00                      00000 00000.00 
10                      00000 00000.00 A
08 Account 1            00001 00000.00 
09 Account 2            00002 00000.00 
00                      00000 00000.00 
10                      00000 00000.00 A
05 Silent Coder         00000 00000.00 
05 Silent Coder         00000 00000.00 
01 Account 1            00001 00020.01 
00                      00000 00000.00 
10                      00000 00000.00 A
05 New Account          00000 00100.00 
07 New Account          00004 00000.00 
05 Silent Coder         00000 00000.00 
05 Silent Coder         00000 00000.00 
00                      00000 00000.00 
10                      00000 00000.00 A
04 Account 3            00003 00010.00 
01 Account 3            00003 00020.01 
05 New Account          00000 00000.00 
06 New Account          00004 00000.00 
00                      00000 00000.00 
10                      00000 00000.00 A
08 Account 1            00001 00000.00 
09 Account 2            00002 00000.00 
00                      00000 00000.00 
10                      00000 00000.00 A
05 Silent Coder         00000 00000.00 
05 Silent Coder         00000 00000.00 
01 Account 1            00001 00020.01 
00                      00000 00000.00 
10                      00000 00000.00 A
05 New Account          00000 00100.00 
07 New Account          00004 00000.00 
05 Silent Coder         00000 00000.00 
05 Silent Coder         00000 00000.00 
00                      00000 00000.00 
10                      00000 00000.00 A
04 Account 3            00003 00010.00 
01 Account 3            00003 00020.01 
05 New Account          00000 00000.00 
06 New Account          00004 00000.00 
00                      00000 00000.00 
10                      00000 00000.00 A
08 Account 1            00001 00000.00 
09 Account 2            00002 00000.00 
00                      00000 00000.00 
10                      00000 00000.00 A
05 Silent Coder         00000 00000.00 
05 Silent Coder         00000 00000.00 
01 Account 1            00001 00020.01 
00                      00000 00000.00 
10                      00000 00000.00 A
05 New Account          00000 00100.00 
07 New Account          00004 00000.00 
05 Silent Coder         00000 00000.00 
05 Silent Coder         00000 00000.00 
00                      00000 00000.00 
10                      00000 00000.00 A
04 Account 3            00003 00010.00 
01 Account 3            00003 00020.01 
05 New Account          00000 00000.00 
06 New Account          00004 00000.00 
00                      00000 00000.00 
